601	//Temperature (K)	"//Density (l, kg/m3)"	
(			
(	216.59	1178.5	)
(	217.09	1176.7	)
(	217.59	1174.9	)
(	218.08	1173.1	)
(	218.56	1171.4	)
(	219.03	1169.7	)
(	219.5	1168	)
(	219.95	1166.3	)
(	220.41	1164.7	)
(	220.85	1163	)
(	221.29	1161.4	)
(	221.73	1159.8	)
(	222.15	1158.2	)
(	222.58	1156.7	)
(	222.99	1155.1	)
(	223.4	1153.6	)
(	223.81	1152.1	)
(	224.21	1150.6	)
(	224.61	1149.1	)
(	225	1147.7	)
(	225.39	1146.2	)
(	225.77	1144.8	)
(	226.15	1143.3	)
(	226.53	1141.9	)
(	226.9	1140.5	)
(	227.27	1139.1	)
(	227.63	1137.8	)
(	227.99	1136.4	)
(	228.34	1135	)
(	228.69	1133.7	)
(	229.04	1132.4	)
(	229.39	1131	)
(	229.73	1129.7	)
(	230.07	1128.4	)
(	230.4	1127.1	)
(	230.74	1125.8	)
(	231.06	1124.6	)
(	231.39	1123.3	)
(	231.71	1122	)
(	232.03	1120.8	)
(	232.35	1119.6	)
(	232.66	1118.3	)
(	232.98	1117.1	)
(	233.29	1115.9	)
(	233.59	1114.7	)
(	233.9	1113.5	)
(	234.2	1112.3	)
(	234.5	1111.1	)
(	234.79	1109.9	)
(	235.09	1108.8	)
(	235.38	1107.6	)
(	235.67	1106.4	)
(	235.96	1105.3	)
(	236.24	1104.1	)
(	236.53	1103	)
(	236.81	1101.9	)
(	237.09	1100.7	)
(	237.37	1099.6	)
(	237.64	1098.5	)
(	237.91	1097.4	)
(	238.18	1096.3	)
(	238.45	1095.2	)
(	238.72	1094.1	)
(	238.99	1093	)
(	239.25	1091.9	)
(	239.51	1090.9	)
(	239.77	1089.8	)
(	240.03	1088.7	)
(	240.29	1087.7	)
(	240.54	1086.6	)
(	240.8	1085.6	)
(	241.05	1084.5	)
(	241.3	1083.5	)
(	241.55	1082.4	)
(	241.8	1081.4	)
(	242.04	1080.4	)
(	242.29	1079.4	)
(	242.53	1078.3	)
(	242.77	1077.3	)
(	243.01	1076.3	)
(	243.25	1075.3	)
(	243.49	1074.3	)
(	243.72	1073.3	)
(	243.96	1072.3	)
(	244.19	1071.3	)
(	244.42	1070.3	)
(	244.65	1069.4	)
(	244.88	1068.4	)
(	245.11	1067.4	)
(	245.34	1066.4	)
(	245.56	1065.5	)
(	245.78	1064.5	)
(	246.01	1063.5	)
(	246.23	1062.6	)
(	246.45	1061.6	)
(	246.67	1060.7	)
(	246.89	1059.7	)
(	247.1	1058.8	)
(	247.32	1057.8	)
(	247.54	1056.9	)
(	247.75	1055.9	)
(	247.96	1055	)
(	248.17	1054.1	)
(	248.38	1053.1	)
(	248.59	1052.2	)
(	248.8	1051.3	)
(	249.01	1050.4	)
(	249.22	1049.5	)
(	249.42	1048.6	)
(	249.63	1047.6	)
(	249.83	1046.7	)
(	250.03	1045.8	)
(	250.24	1044.9	)
(	250.44	1044	)
(	250.64	1043.1	)
(	250.83	1042.2	)
(	251.03	1041.3	)
(	251.23	1040.4	)
(	251.43	1039.5	)
(	251.62	1038.7	)
(	251.82	1037.8	)
(	252.01	1036.9	)
(	252.2	1036	)
(	252.39	1035.1	)
(	252.59	1034.3	)
(	252.78	1033.4	)
(	252.96	1032.5	)
(	253.15	1031.6	)
(	253.34	1030.8	)
(	253.53	1029.9	)
(	253.71	1029	)
(	253.9	1028.2	)
(	254.08	1027.3	)
(	254.27	1026.5	)
(	254.45	1025.6	)
(	254.63	1024.8	)
(	254.82	1023.9	)
(	255	1023.1	)
(	255.18	1022.2	)
(	255.36	1021.4	)
(	255.54	1020.5	)
(	255.71	1019.7	)
(	255.89	1018.8	)
(	256.07	1018	)
(	256.24	1017.2	)
(	256.42	1016.3	)
(	256.59	1015.5	)
(	256.77	1014.7	)
(	256.94	1013.8	)
(	257.11	1013	)
(	257.29	1012.2	)
(	257.46	1011.3	)
(	257.63	1010.5	)
(	257.8	1009.7	)
(	257.97	1008.9	)
(	258.14	1008	)
(	258.31	1007.2	)
(	258.47	1006.4	)
(	258.64	1005.6	)
(	258.81	1004.8	)
(	258.97	1004	)
(	259.14	1003.1	)
(	259.3	1002.3	)
(	259.47	1001.5	)
(	259.63	1000.7	)
(	259.79	999.91	)
(	259.96	999.1	)
(	260.12	998.3	)
(	260.28	997.5	)
(	260.44	996.69	)
(	260.6	995.89	)
(	260.76	995.09	)
(	260.92	994.29	)
(	261.08	993.5	)
(	261.24	992.7	)
(	261.39	991.9	)
(	261.55	991.11	)
(	261.71	990.32	)
(	261.86	989.52	)
(	262.02	988.73	)
(	262.17	987.94	)
(	262.33	987.15	)
(	262.48	986.37	)
(	262.64	985.58	)
(	262.79	984.79	)
(	262.94	984.01	)
(	263.09	983.22	)
(	263.24	982.44	)
(	263.4	981.66	)
(	263.55	980.88	)
(	263.7	980.1	)
(	263.85	979.32	)
(	263.99	978.54	)
(	264.14	977.76	)
(	264.29	976.99	)
(	264.44	976.21	)
(	264.59	975.44	)
(	264.73	974.66	)
(	264.88	973.89	)
(	265.03	973.12	)
(	265.17	972.34	)
(	265.32	971.57	)
(	265.46	970.8	)
(	265.61	970.03	)
(	265.75	969.27	)
(	265.89	968.5	)
(	266.04	967.73	)
(	266.18	966.96	)
(	266.32	966.2	)
(	266.46	965.43	)
(	266.6	964.67	)
(	266.75	963.9	)
(	266.89	963.14	)
(	267.03	962.38	)
(	267.17	961.62	)
(	267.31	960.86	)
(	267.44	960.1	)
(	267.58	959.34	)
(	267.72	958.58	)
(	267.86	957.82	)
(	268	957.06	)
(	268.13	956.3	)
(	268.27	955.54	)
(	268.41	954.79	)
(	268.54	954.03	)
(	268.68	953.28	)
(	268.81	952.52	)
(	268.95	951.77	)
(	269.08	951.01	)
(	269.22	950.26	)
(	269.35	949.51	)
(	269.48	948.75	)
(	269.62	948	)
(	269.75	947.25	)
(	269.88	946.5	)
(	270.01	945.75	)
(	270.15	945	)
(	270.28	944.25	)
(	270.41	943.5	)
(	270.54	942.75	)
(	270.67	942	)
(	270.8	941.25	)
(	270.93	940.51	)
(	271.06	939.76	)
(	271.19	939.01	)
(	271.31	938.26	)
(	271.44	937.52	)
(	271.57	936.77	)
(	271.7	936.03	)
(	271.83	935.28	)
(	271.95	934.53	)
(	272.08	933.79	)
(	272.21	933.04	)
(	272.33	932.3	)
(	272.46	931.56	)
(	272.58	930.81	)
(	272.71	930.07	)
(	272.83	929.32	)
(	272.96	928.58	)
(	273.08	927.84	)
(	273.21	927.09	)
(	273.33	926.35	)
(	273.45	925.61	)
(	273.58	924.87	)
(	273.7	924.12	)
(	273.82	923.38	)
(	273.94	922.64	)
(	274.07	921.9	)
(	274.19	921.16	)
(	274.31	920.42	)
(	274.43	919.67	)
(	274.55	918.93	)
(	274.67	918.19	)
(	274.79	917.45	)
(	274.91	916.71	)
(	275.03	915.97	)
(	275.15	915.23	)
(	275.27	914.49	)
(	275.39	913.75	)
(	275.51	913.01	)
(	275.62	912.27	)
(	275.74	911.52	)
(	275.86	910.78	)
(	275.98	910.04	)
(	276.09	909.3	)
(	276.21	908.56	)
(	276.33	907.82	)
(	276.44	907.08	)
(	276.56	906.34	)
(	276.68	905.6	)
(	276.79	904.86	)
(	276.91	904.12	)
(	277.02	903.38	)
(	277.14	902.64	)
(	277.25	901.9	)
(	277.37	901.15	)
(	277.48	900.41	)
(	277.59	899.67	)
(	277.71	898.93	)
(	277.82	898.19	)
(	277.93	897.45	)
(	278.05	896.7	)
(	278.16	895.96	)
(	278.27	895.22	)
(	278.38	894.48	)
(	278.5	893.74	)
(	278.61	892.99	)
(	278.72	892.25	)
(	278.83	891.51	)
(	278.94	890.76	)
(	279.05	890.02	)
(	279.16	889.28	)
(	279.27	888.53	)
(	279.38	887.79	)
(	279.49	887.04	)
(	279.6	886.3	)
(	279.71	885.55	)
(	279.82	884.81	)
(	279.93	884.06	)
(	280.04	883.32	)
(	280.15	882.57	)
(	280.26	881.82	)
(	280.36	881.08	)
(	280.47	880.33	)
(	280.58	879.58	)
(	280.69	878.83	)
(	280.79	878.08	)
(	280.9	877.33	)
(	281.01	876.59	)
(	281.11	875.84	)
(	281.22	875.09	)
(	281.33	874.34	)
(	281.43	873.59	)
(	281.54	872.83	)
(	281.64	872.08	)
(	281.75	871.33	)
(	281.85	870.58	)
(	281.96	869.82	)
(	282.06	869.07	)
(	282.17	868.32	)
(	282.27	867.56	)
(	282.38	866.81	)
(	282.48	866.05	)
(	282.58	865.3	)
(	282.69	864.54	)
(	282.79	863.78	)
(	282.89	863.02	)
(	283	862.26	)
(	283.1	861.51	)
(	283.2	860.75	)
(	283.3	859.99	)
(	283.4	859.23	)
(	283.51	858.46	)
(	283.61	857.7	)
(	283.71	856.94	)
(	283.81	856.18	)
(	283.91	855.41	)
(	284.01	854.65	)
(	284.11	853.88	)
(	284.21	853.12	)
(	284.31	852.35	)
(	284.41	851.58	)
(	284.51	850.81	)
(	284.61	850.04	)
(	284.71	849.27	)
(	284.81	848.5	)
(	284.91	847.73	)
(	285.01	846.96	)
(	285.11	846.19	)
(	285.21	845.41	)
(	285.31	844.64	)
(	285.41	843.86	)
(	285.5	843.09	)
(	285.6	842.31	)
(	285.7	841.53	)
(	285.8	840.75	)
(	285.89	839.97	)
(	285.99	839.19	)
(	286.09	838.41	)
(	286.19	837.63	)
(	286.28	836.84	)
(	286.38	836.06	)
(	286.47	835.27	)
(	286.57	834.49	)
(	286.67	833.7	)
(	286.76	832.91	)
(	286.86	832.12	)
(	286.95	831.33	)
(	287.05	830.54	)
(	287.14	829.74	)
(	287.24	828.95	)
(	287.33	828.15	)
(	287.43	827.36	)
(	287.52	826.56	)
(	287.62	825.76	)
(	287.71	824.96	)
(	287.81	824.16	)
(	287.9	823.36	)
(	287.99	822.56	)
(	288.09	821.75	)
(	288.18	820.95	)
(	288.27	820.14	)
(	288.37	819.33	)
(	288.46	818.52	)
(	288.55	817.71	)
(	288.64	816.9	)
(	288.74	816.08	)
(	288.83	815.27	)
(	288.92	814.45	)
(	289.01	813.63	)
(	289.1	812.81	)
(	289.2	811.99	)
(	289.29	811.17	)
(	289.38	810.35	)
(	289.47	809.52	)
(	289.56	808.69	)
(	289.65	807.87	)
(	289.74	807.04	)
(	289.83	806.2	)
(	289.92	805.37	)
(	290.01	804.54	)
(	290.1	803.7	)
(	290.19	802.86	)
(	290.28	802.02	)
(	290.37	801.18	)
(	290.46	800.34	)
(	290.55	799.49	)
(	290.64	798.65	)
(	290.73	797.8	)
(	290.82	796.95	)
(	290.91	796.1	)
(	291	795.24	)
(	291.08	794.39	)
(	291.17	793.53	)
(	291.26	792.67	)
(	291.35	791.81	)
(	291.44	790.95	)
(	291.52	790.08	)
(	291.61	789.21	)
(	291.7	788.34	)
(	291.79	787.47	)
(	291.87	786.6	)
(	291.96	785.72	)
(	292.05	784.85	)
(	292.14	783.97	)
(	292.22	783.08	)
(	292.31	782.2	)
(	292.39	781.31	)
(	292.48	780.42	)
(	292.57	779.53	)
(	292.65	778.64	)
(	292.74	777.74	)
(	292.82	776.85	)
(	292.91	775.94	)
(	292.99	775.04	)
(	293.08	774.14	)
(	293.16	773.23	)
(	293.25	772.32	)
(	293.33	771.4	)
(	293.42	770.49	)
(	293.5	769.57	)
(	293.59	768.65	)
(	293.67	767.72	)
(	293.76	766.8	)
(	293.84	765.87	)
(	293.92	764.93	)
(	294.01	764	)
(	294.09	763.06	)
(	294.18	762.12	)
(	294.26	761.17	)
(	294.34	760.22	)
(	294.42	759.27	)
(	294.51	758.32	)
(	294.59	757.36	)
(	294.67	756.4	)
(	294.76	755.44	)
(	294.84	754.47	)
(	294.92	753.5	)
(	295	752.53	)
(	295.08	751.55	)
(	295.17	750.57	)
(	295.25	749.58	)
(	295.33	748.59	)
(	295.41	747.6	)
(	295.49	746.61	)
(	295.57	745.61	)
(	295.66	744.6	)
(	295.74	743.59	)
(	295.82	742.58	)
(	295.9	741.57	)
(	295.98	740.55	)
(	296.06	739.52	)
(	296.14	738.49	)
(	296.22	737.46	)
(	296.3	736.42	)
(	296.38	735.38	)
(	296.46	734.33	)
(	296.54	733.28	)
(	296.62	732.22	)
(	296.7	731.16	)
(	296.78	730.1	)
(	296.86	729.02	)
(	296.94	727.95	)
(	297.02	726.87	)
(	297.1	725.78	)
(	297.17	724.68	)
(	297.25	723.59	)
(	297.33	722.48	)
(	297.41	721.37	)
(	297.49	720.26	)
(	297.57	719.13	)
(	297.64	718.01	)
(	297.72	716.87	)
(	297.8	715.73	)
(	297.88	714.58	)
(	297.96	713.43	)
(	298.03	712.27	)
(	298.11	711.1	)
(	298.19	709.92	)
(	298.27	708.74	)
(	298.34	707.55	)
(	298.42	706.36	)
(	298.5	705.15	)
(	298.57	703.94	)
(	298.65	702.72	)
(	298.73	701.49	)
(	298.8	700.25	)
(	298.88	699	)
(	298.95	697.75	)
(	299.03	696.48	)
(	299.11	695.21	)
(	299.18	693.92	)
(	299.26	692.63	)
(	299.33	691.33	)
(	299.41	690.01	)
(	299.48	688.69	)
(	299.56	687.35	)
(	299.63	686.01	)
(	299.71	684.65	)
(	299.78	683.28	)
(	299.86	681.9	)
(	299.93	680.5	)
(	300.01	679.1	)
(	300.08	677.68	)
(	300.16	676.24	)
(	300.23	674.8	)
(	300.3	673.34	)
(	300.38	671.86	)
(	300.45	670.37	)
(	300.53	668.86	)
(	300.6	667.34	)
(	300.67	665.8	)
(	300.75	664.24	)
(	300.82	662.67	)
(	300.89	661.07	)
(	300.97	659.46	)
(	301.04	657.83	)
(	301.11	656.17	)
(	301.18	654.5	)
(	301.26	652.8	)
(	301.33	651.08	)
(	301.4	649.34	)
(	301.47	647.57	)
(	301.55	645.77	)
(	301.62	643.95	)
(	301.69	642.1	)
(	301.76	640.22	)
(	301.83	638.3	)
(	301.9	636.35	)
(	301.98	634.37	)
(	302.05	632.35	)
(	302.12	630.29	)
(	302.19	628.19	)
(	302.26	626.05	)
(	302.33	623.86	)
(	302.4	621.62	)
(	302.47	619.32	)
(	302.54	616.97	)
(	302.61	614.56	)
(	302.68	612.08	)
(	302.75	609.53	)
(	302.82	606.9	)
(	302.89	604.19	)
(	302.96	601.39	)
(	303.03	598.48	)
(	303.1	595.46	)
(	303.17	592.32	)
(	303.24	589.04	)
(	303.31	585.6	)
(	303.38	581.98	)
(	303.45	578.15	)
(	303.52	574.08	)
(	303.59	569.73	)
(	303.65	565.04	)
(	303.72	559.92	)
(	303.79	554.25	)
(	303.86	547.86	)
(	303.93	540.43	)
(	303.99	531.31	)
(	304.06	518.7	)
(	304.13	467.6	)
)			
