601	//Temperature (K)	"//Density (v, kg/m3)"	
(			
(	216.59	13.761	)
(	217.09	14.05	)
(	217.59	14.34	)
(	218.08	14.63	)
(	218.56	14.919	)
(	219.03	15.209	)
(	219.5	15.499	)
(	219.95	15.788	)
(	220.41	16.078	)
(	220.85	16.367	)
(	221.29	16.657	)
(	221.73	16.946	)
(	222.15	17.236	)
(	222.58	17.525	)
(	222.99	17.815	)
(	223.4	18.104	)
(	223.81	18.394	)
(	224.21	18.684	)
(	224.61	18.974	)
(	225	19.263	)
(	225.39	19.553	)
(	225.77	19.843	)
(	226.15	20.133	)
(	226.53	20.423	)
(	226.9	20.714	)
(	227.27	21.004	)
(	227.63	21.294	)
(	227.99	21.585	)
(	228.34	21.875	)
(	228.69	22.166	)
(	229.04	22.457	)
(	229.39	22.748	)
(	229.73	23.039	)
(	230.07	23.33	)
(	230.4	23.621	)
(	230.74	23.913	)
(	231.06	24.204	)
(	231.39	24.496	)
(	231.71	24.788	)
(	232.03	25.08	)
(	232.35	25.372	)
(	232.66	25.665	)
(	232.98	25.957	)
(	233.29	26.25	)
(	233.59	26.543	)
(	233.9	26.836	)
(	234.2	27.129	)
(	234.5	27.422	)
(	234.79	27.716	)
(	235.09	28.01	)
(	235.38	28.304	)
(	235.67	28.598	)
(	235.96	28.892	)
(	236.24	29.187	)
(	236.53	29.481	)
(	236.81	29.776	)
(	237.09	30.071	)
(	237.37	30.367	)
(	237.64	30.662	)
(	237.91	30.958	)
(	238.18	31.254	)
(	238.45	31.55	)
(	238.72	31.847	)
(	238.99	32.143	)
(	239.25	32.44	)
(	239.51	32.737	)
(	239.77	33.035	)
(	240.03	33.332	)
(	240.29	33.63	)
(	240.54	33.928	)
(	240.8	34.227	)
(	241.05	34.525	)
(	241.3	34.824	)
(	241.55	35.123	)
(	241.8	35.422	)
(	242.04	35.722	)
(	242.29	36.022	)
(	242.53	36.322	)
(	242.77	36.622	)
(	243.01	36.923	)
(	243.25	37.224	)
(	243.49	37.525	)
(	243.72	37.826	)
(	243.96	38.128	)
(	244.19	38.43	)
(	244.42	38.732	)
(	244.65	39.035	)
(	244.88	39.337	)
(	245.11	39.641	)
(	245.34	39.944	)
(	245.56	40.248	)
(	245.78	40.552	)
(	246.01	40.856	)
(	246.23	41.16	)
(	246.45	41.465	)
(	246.67	41.77	)
(	246.89	42.076	)
(	247.1	42.382	)
(	247.32	42.688	)
(	247.54	42.994	)
(	247.75	43.301	)
(	247.96	43.608	)
(	248.17	43.915	)
(	248.38	44.223	)
(	248.59	44.531	)
(	248.8	44.839	)
(	249.01	45.147	)
(	249.22	45.456	)
(	249.42	45.766	)
(	249.63	46.075	)
(	249.83	46.385	)
(	250.03	46.695	)
(	250.24	47.006	)
(	250.44	47.317	)
(	250.64	47.628	)
(	250.83	47.939	)
(	251.03	48.251	)
(	251.23	48.564	)
(	251.43	48.876	)
(	251.62	49.189	)
(	251.82	49.502	)
(	252.01	49.816	)
(	252.2	50.13	)
(	252.39	50.445	)
(	252.59	50.759	)
(	252.78	51.074	)
(	252.96	51.39	)
(	253.15	51.706	)
(	253.34	52.022	)
(	253.53	52.338	)
(	253.71	52.655	)
(	253.9	52.972	)
(	254.08	53.29	)
(	254.27	53.608	)
(	254.45	53.927	)
(	254.63	54.245	)
(	254.82	54.565	)
(	255	54.884	)
(	255.18	55.204	)
(	255.36	55.524	)
(	255.54	55.845	)
(	255.71	56.166	)
(	255.89	56.488	)
(	256.07	56.81	)
(	256.24	57.132	)
(	256.42	57.455	)
(	256.59	57.778	)
(	256.77	58.101	)
(	256.94	58.425	)
(	257.11	58.749	)
(	257.29	59.074	)
(	257.46	59.399	)
(	257.63	59.725	)
(	257.8	60.051	)
(	257.97	60.377	)
(	258.14	60.704	)
(	258.31	61.031	)
(	258.47	61.359	)
(	258.64	61.687	)
(	258.81	62.016	)
(	258.97	62.345	)
(	259.14	62.674	)
(	259.3	63.004	)
(	259.47	63.334	)
(	259.63	63.665	)
(	259.79	63.996	)
(	259.96	64.327	)
(	260.12	64.659	)
(	260.28	64.992	)
(	260.44	65.325	)
(	260.6	65.658	)
(	260.76	65.992	)
(	260.92	66.326	)
(	261.08	66.661	)
(	261.24	66.996	)
(	261.39	67.332	)
(	261.55	67.668	)
(	261.71	68.005	)
(	261.86	68.342	)
(	262.02	68.679	)
(	262.17	69.017	)
(	262.33	69.356	)
(	262.48	69.695	)
(	262.64	70.034	)
(	262.79	70.374	)
(	262.94	70.715	)
(	263.09	71.056	)
(	263.24	71.397	)
(	263.4	71.739	)
(	263.55	72.081	)
(	263.7	72.424	)
(	263.85	72.768	)
(	263.99	73.112	)
(	264.14	73.456	)
(	264.29	73.801	)
(	264.44	74.146	)
(	264.59	74.492	)
(	264.73	74.839	)
(	264.88	75.186	)
(	265.03	75.533	)
(	265.17	75.881	)
(	265.32	76.23	)
(	265.46	76.579	)
(	265.61	76.928	)
(	265.75	77.279	)
(	265.89	77.629	)
(	266.04	77.98	)
(	266.18	78.332	)
(	266.32	78.684	)
(	266.46	79.037	)
(	266.6	79.391	)
(	266.75	79.745	)
(	266.89	80.099	)
(	267.03	80.454	)
(	267.17	80.81	)
(	267.31	81.166	)
(	267.44	81.523	)
(	267.58	81.88	)
(	267.72	82.238	)
(	267.86	82.596	)
(	268	82.955	)
(	268.13	83.315	)
(	268.27	83.675	)
(	268.41	84.036	)
(	268.54	84.397	)
(	268.68	84.759	)
(	268.81	85.122	)
(	268.95	85.485	)
(	269.08	85.849	)
(	269.22	86.213	)
(	269.35	86.578	)
(	269.48	86.943	)
(	269.62	87.309	)
(	269.75	87.676	)
(	269.88	88.044	)
(	270.01	88.412	)
(	270.15	88.78	)
(	270.28	89.149	)
(	270.41	89.519	)
(	270.54	89.89	)
(	270.67	90.261	)
(	270.8	90.633	)
(	270.93	91.005	)
(	271.06	91.378	)
(	271.19	91.752	)
(	271.31	92.126	)
(	271.44	92.501	)
(	271.57	92.877	)
(	271.7	93.253	)
(	271.83	93.63	)
(	271.95	94.008	)
(	272.08	94.386	)
(	272.21	94.765	)
(	272.33	95.145	)
(	272.46	95.525	)
(	272.58	95.906	)
(	272.71	96.288	)
(	272.83	96.671	)
(	272.96	97.054	)
(	273.08	97.438	)
(	273.21	97.822	)
(	273.33	98.207	)
(	273.45	98.593	)
(	273.58	98.98	)
(	273.7	99.367	)
(	273.82	99.755	)
(	273.94	100.14	)
(	274.07	100.53	)
(	274.19	100.92	)
(	274.31	101.32	)
(	274.43	101.71	)
(	274.55	102.1	)
(	274.67	102.49	)
(	274.79	102.89	)
(	274.91	103.28	)
(	275.03	103.68	)
(	275.15	104.07	)
(	275.27	104.47	)
(	275.39	104.87	)
(	275.51	105.27	)
(	275.62	105.67	)
(	275.74	106.07	)
(	275.86	106.47	)
(	275.98	106.87	)
(	276.09	107.27	)
(	276.21	107.67	)
(	276.33	108.08	)
(	276.44	108.48	)
(	276.56	108.89	)
(	276.68	109.3	)
(	276.79	109.7	)
(	276.91	110.11	)
(	277.02	110.52	)
(	277.14	110.93	)
(	277.25	111.34	)
(	277.37	111.75	)
(	277.48	112.17	)
(	277.59	112.58	)
(	277.71	112.99	)
(	277.82	113.41	)
(	277.93	113.82	)
(	278.05	114.24	)
(	278.16	114.66	)
(	278.27	115.08	)
(	278.38	115.5	)
(	278.5	115.92	)
(	278.61	116.34	)
(	278.72	116.76	)
(	278.83	117.18	)
(	278.94	117.61	)
(	279.05	118.03	)
(	279.16	118.46	)
(	279.27	118.88	)
(	279.38	119.31	)
(	279.49	119.74	)
(	279.6	120.17	)
(	279.71	120.6	)
(	279.82	121.03	)
(	279.93	121.47	)
(	280.04	121.9	)
(	280.15	122.33	)
(	280.26	122.77	)
(	280.36	123.2	)
(	280.47	123.64	)
(	280.58	124.08	)
(	280.69	124.52	)
(	280.79	124.96	)
(	280.9	125.4	)
(	281.01	125.84	)
(	281.11	126.29	)
(	281.22	126.73	)
(	281.33	127.18	)
(	281.43	127.62	)
(	281.54	128.07	)
(	281.64	128.52	)
(	281.75	128.97	)
(	281.85	129.42	)
(	281.96	129.87	)
(	282.06	130.33	)
(	282.17	130.78	)
(	282.27	131.24	)
(	282.38	131.69	)
(	282.48	132.15	)
(	282.58	132.61	)
(	282.69	133.07	)
(	282.79	133.53	)
(	282.89	133.99	)
(	283	134.46	)
(	283.1	134.92	)
(	283.2	135.39	)
(	283.3	135.85	)
(	283.4	136.32	)
(	283.51	136.79	)
(	283.61	137.26	)
(	283.71	137.73	)
(	283.81	138.2	)
(	283.91	138.68	)
(	284.01	139.15	)
(	284.11	139.63	)
(	284.21	140.11	)
(	284.31	140.59	)
(	284.41	141.07	)
(	284.51	141.55	)
(	284.61	142.03	)
(	284.71	142.52	)
(	284.81	143	)
(	284.91	143.49	)
(	285.01	143.98	)
(	285.11	144.47	)
(	285.21	144.96	)
(	285.31	145.45	)
(	285.41	145.94	)
(	285.5	146.44	)
(	285.6	146.94	)
(	285.7	147.43	)
(	285.8	147.93	)
(	285.89	148.43	)
(	285.99	148.94	)
(	286.09	149.44	)
(	286.19	149.94	)
(	286.28	150.45	)
(	286.38	150.96	)
(	286.47	151.47	)
(	286.57	151.98	)
(	286.67	152.49	)
(	286.76	153	)
(	286.86	153.52	)
(	286.95	154.04	)
(	287.05	154.56	)
(	287.14	155.08	)
(	287.24	155.6	)
(	287.33	156.12	)
(	287.43	156.65	)
(	287.52	157.17	)
(	287.62	157.7	)
(	287.71	158.23	)
(	287.81	158.76	)
(	287.9	159.29	)
(	287.99	159.83	)
(	288.09	160.37	)
(	288.18	160.9	)
(	288.27	161.44	)
(	288.37	161.99	)
(	288.46	162.53	)
(	288.55	163.07	)
(	288.64	163.62	)
(	288.74	164.17	)
(	288.83	164.72	)
(	288.92	165.27	)
(	289.01	165.83	)
(	289.1	166.38	)
(	289.2	166.94	)
(	289.29	167.5	)
(	289.38	168.06	)
(	289.47	168.63	)
(	289.56	169.19	)
(	289.65	169.76	)
(	289.74	170.33	)
(	289.83	170.9	)
(	289.92	171.48	)
(	290.01	172.05	)
(	290.1	172.63	)
(	290.19	173.21	)
(	290.28	173.79	)
(	290.37	174.38	)
(	290.46	174.96	)
(	290.55	175.55	)
(	290.64	176.14	)
(	290.73	176.73	)
(	290.82	177.33	)
(	290.91	177.93	)
(	291	178.53	)
(	291.08	179.13	)
(	291.17	179.73	)
(	291.26	180.34	)
(	291.35	180.95	)
(	291.44	181.56	)
(	291.52	182.17	)
(	291.61	182.79	)
(	291.7	183.41	)
(	291.79	184.03	)
(	291.87	184.65	)
(	291.96	185.28	)
(	292.05	185.9	)
(	292.14	186.53	)
(	292.22	187.17	)
(	292.31	187.8	)
(	292.39	188.44	)
(	292.48	189.09	)
(	292.57	189.73	)
(	292.65	190.38	)
(	292.74	191.03	)
(	292.82	191.68	)
(	292.91	192.33	)
(	292.99	192.99	)
(	293.08	193.65	)
(	293.16	194.32	)
(	293.25	194.99	)
(	293.33	195.66	)
(	293.42	196.33	)
(	293.5	197.01	)
(	293.59	197.68	)
(	293.67	198.37	)
(	293.76	199.05	)
(	293.84	199.74	)
(	293.92	200.43	)
(	294.01	201.13	)
(	294.09	201.83	)
(	294.18	202.53	)
(	294.26	203.24	)
(	294.34	203.95	)
(	294.42	204.66	)
(	294.51	205.37	)
(	294.59	206.09	)
(	294.67	206.82	)
(	294.76	207.54	)
(	294.84	208.28	)
(	294.92	209.01	)
(	295	209.75	)
(	295.08	210.49	)
(	295.17	211.24	)
(	295.25	211.99	)
(	295.33	212.74	)
(	295.41	213.5	)
(	295.49	214.26	)
(	295.57	215.03	)
(	295.66	215.8	)
(	295.74	216.58	)
(	295.82	217.36	)
(	295.9	218.14	)
(	295.98	218.93	)
(	296.06	219.72	)
(	296.14	220.52	)
(	296.22	221.33	)
(	296.3	222.13	)
(	296.38	222.95	)
(	296.46	223.76	)
(	296.54	224.59	)
(	296.62	225.42	)
(	296.7	226.25	)
(	296.78	227.09	)
(	296.86	227.93	)
(	296.94	228.78	)
(	297.02	229.64	)
(	297.1	230.5	)
(	297.17	231.36	)
(	297.25	232.24	)
(	297.33	233.11	)
(	297.41	234	)
(	297.49	234.89	)
(	297.57	235.79	)
(	297.64	236.69	)
(	297.72	237.6	)
(	297.8	238.51	)
(	297.88	239.44	)
(	297.96	240.37	)
(	298.03	241.3	)
(	298.11	242.25	)
(	298.19	243.2	)
(	298.27	244.16	)
(	298.34	245.13	)
(	298.42	246.1	)
(	298.5	247.08	)
(	298.57	248.07	)
(	298.65	249.07	)
(	298.73	250.08	)
(	298.8	251.09	)
(	298.88	252.12	)
(	298.95	253.15	)
(	299.03	254.2	)
(	299.11	255.25	)
(	299.18	256.31	)
(	299.26	257.38	)
(	299.33	258.46	)
(	299.41	259.56	)
(	299.48	260.66	)
(	299.56	261.77	)
(	299.63	262.9	)
(	299.71	264.04	)
(	299.78	265.18	)
(	299.86	266.34	)
(	299.93	267.52	)
(	300.01	268.7	)
(	300.08	269.9	)
(	300.16	271.12	)
(	300.23	272.34	)
(	300.3	273.58	)
(	300.38	274.84	)
(	300.45	276.11	)
(	300.53	277.4	)
(	300.6	278.7	)
(	300.67	280.02	)
(	300.75	281.36	)
(	300.82	282.71	)
(	300.89	284.09	)
(	300.97	285.48	)
(	301.04	286.9	)
(	301.11	288.33	)
(	301.18	289.79	)
(	301.26	291.27	)
(	301.33	292.77	)
(	301.4	294.3	)
(	301.47	295.85	)
(	301.55	297.43	)
(	301.62	299.04	)
(	301.69	300.67	)
(	301.76	302.34	)
(	301.83	304.04	)
(	301.9	305.77	)
(	301.98	307.54	)
(	302.05	309.35	)
(	302.12	311.19	)
(	302.19	313.08	)
(	302.26	315.01	)
(	302.33	316.99	)
(	302.4	319.02	)
(	302.47	321.1	)
(	302.54	323.24	)
(	302.61	325.45	)
(	302.68	327.72	)
(	302.75	330.06	)
(	302.82	332.48	)
(	302.89	334.98	)
(	302.96	337.58	)
(	303.03	340.28	)
(	303.1	343.09	)
(	303.17	346.03	)
(	303.24	349.11	)
(	303.31	352.35	)
(	303.38	355.77	)
(	303.45	359.4	)
(	303.52	363.28	)
(	303.59	367.45	)
(	303.65	371.97	)
(	303.72	376.94	)
(	303.79	382.47	)
(	303.86	388.77	)
(	303.93	396.18	)
(	303.99	405.4	)
(	304.06	418.35	)
(	304.13	467.6	)
)			
